Results for 1 repetitions of the experiment with 10000 initial particles from the source:
------------------------------------------------------------------------------------------

Average number of collisions per layer:
Layer    Collisions
1        6.47300e+004 +/- 0.00000e+000 
2        0.00000e+000 +/- 0.00000e+000 
3        0.00000e+000 +/- 0.00000e+000 
4        0.00000e+000 +/- 0.00000e+000 
5        0.00000e+000 +/- 0.00000e+000 
6        0.00000e+000 +/- 0.00000e+000 
7        0.00000e+000 +/- 0.00000e+000 
8        0.00000e+000 +/- 0.00000e+000 
9        0.00000e+000 +/- 0.00000e+000 
10       0.00000e+000 +/- 0.00000e+000 
11       4.84600e+004 +/- 0.00000e+000 
12       0.00000e+000 +/- 0.00000e+000 
13       0.00000e+000 +/- 0.00000e+000 
14       0.00000e+000 +/- 0.00000e+000 
15       0.00000e+000 +/- 0.00000e+000 
16       0.00000e+000 +/- 0.00000e+000 
17       0.00000e+000 +/- 0.00000e+000 
18       0.00000e+000 +/- 0.00000e+000 
19       0.00000e+000 +/- 0.00000e+000 
20       0.00000e+000 +/- 0.00000e+000 
21       2.68290e+004 +/- 0.00000e+000 
22       0.00000e+000 +/- 0.00000e+000 
23       0.00000e+000 +/- 0.00000e+000 
24       0.00000e+000 +/- 0.00000e+000 
25       0.00000e+000 +/- 0.00000e+000 
26       0.00000e+000 +/- 0.00000e+000 
27       0.00000e+000 +/- 0.00000e+000 
28       0.00000e+000 +/- 0.00000e+000 
29       0.00000e+000 +/- 0.00000e+000 
30       0.00000e+000 +/- 0.00000e+000 
31       1.35990e+004 +/- 0.00000e+000 
32       0.00000e+000 +/- 0.00000e+000 
33       0.00000e+000 +/- 0.00000e+000 
34       0.00000e+000 +/- 0.00000e+000 
35       0.00000e+000 +/- 0.00000e+000 
36       0.00000e+000 +/- 0.00000e+000 
37       0.00000e+000 +/- 0.00000e+000 
38       0.00000e+000 +/- 0.00000e+000 
39       0.00000e+000 +/- 0.00000e+000 
40       0.00000e+000 +/- 0.00000e+000 
41       6.55800e+003 +/- 0.00000e+000 
42       0.00000e+000 +/- 0.00000e+000 
43       0.00000e+000 +/- 0.00000e+000 
44       0.00000e+000 +/- 0.00000e+000 
45       0.00000e+000 +/- 0.00000e+000 
46       0.00000e+000 +/- 0.00000e+000 
47       0.00000e+000 +/- 0.00000e+000 
48       0.00000e+000 +/- 0.00000e+000 
49       0.00000e+000 +/- 0.00000e+000 
50       0.00000e+000 +/- 0.00000e+000 
51       3.08300e+003 +/- 0.00000e+000 
52       0.00000e+000 +/- 0.00000e+000 
53       0.00000e+000 +/- 0.00000e+000 
54       0.00000e+000 +/- 0.00000e+000 
55       0.00000e+000 +/- 0.00000e+000 
56       0.00000e+000 +/- 0.00000e+000 
57       0.00000e+000 +/- 0.00000e+000 
58       0.00000e+000 +/- 0.00000e+000 
59       0.00000e+000 +/- 0.00000e+000 
60       0.00000e+000 +/- 0.00000e+000 
61       1.56800e+003 +/- 0.00000e+000 
62       0.00000e+000 +/- 0.00000e+000 
63       0.00000e+000 +/- 0.00000e+000 
64       0.00000e+000 +/- 0.00000e+000 
65       0.00000e+000 +/- 0.00000e+000 
66       0.00000e+000 +/- 0.00000e+000 
67       0.00000e+000 +/- 0.00000e+000 
68       0.00000e+000 +/- 0.00000e+000 
69       0.00000e+000 +/- 0.00000e+000 
70       0.00000e+000 +/- 0.00000e+000 
71       8.45000e+002 +/- 0.00000e+000 
72       0.00000e+000 +/- 0.00000e+000 
73       0.00000e+000 +/- 0.00000e+000 
74       0.00000e+000 +/- 0.00000e+000 
75       0.00000e+000 +/- 0.00000e+000 
76       0.00000e+000 +/- 0.00000e+000 
77       0.00000e+000 +/- 0.00000e+000 
78       0.00000e+000 +/- 0.00000e+000 
79       0.00000e+000 +/- 0.00000e+000 
80       0.00000e+000 +/- 0.00000e+000 
81       4.68000e+002 +/- 0.00000e+000 
82       0.00000e+000 +/- 0.00000e+000 
83       0.00000e+000 +/- 0.00000e+000 
84       0.00000e+000 +/- 0.00000e+000 
85       0.00000e+000 +/- 0.00000e+000 
86       0.00000e+000 +/- 0.00000e+000 
87       0.00000e+000 +/- 0.00000e+000 
88       0.00000e+000 +/- 0.00000e+000 
89       0.00000e+000 +/- 0.00000e+000 
90       0.00000e+000 +/- 0.00000e+000 
91       3.55000e+002 +/- 0.00000e+000 
92       0.00000e+000 +/- 0.00000e+000 
93       0.00000e+000 +/- 0.00000e+000 
94       0.00000e+000 +/- 0.00000e+000 
95       0.00000e+000 +/- 0.00000e+000 
96       0.00000e+000 +/- 0.00000e+000 
97       0.00000e+000 +/- 0.00000e+000 
98       0.00000e+000 +/- 0.00000e+000 
99       0.00000e+000 +/- 0.00000e+000 
100      0.00000e+000 +/- 0.00000e+000 

Average total flux vs. radius:
Radius   Total flux
0.10     3.71256e+002 +/- 0.00000e+000 
0.20     0.00000e+000 +/- 0.00000e+000 
0.30     0.00000e+000 +/- 0.00000e+000 
0.40     0.00000e+000 +/- 0.00000e+000 
0.50     0.00000e+000 +/- 0.00000e+000 
0.60     0.00000e+000 +/- 0.00000e+000 
0.70     0.00000e+000 +/- 0.00000e+000 
0.80     0.00000e+000 +/- 0.00000e+000 
0.90     0.00000e+000 +/- 0.00000e+000 
1.00     0.00000e+000 +/- 0.00000e+000 
1.10     2.23919e+000 +/- 0.00000e+000 
1.20     0.00000e+000 +/- 0.00000e+000 
1.30     0.00000e+000 +/- 0.00000e+000 
1.40     0.00000e+000 +/- 0.00000e+000 
1.50     0.00000e+000 +/- 0.00000e+000 
1.60     0.00000e+000 +/- 0.00000e+000 
1.70     0.00000e+000 +/- 0.00000e+000 
1.80     0.00000e+000 +/- 0.00000e+000 
1.90     0.00000e+000 +/- 0.00000e+000 
2.00     0.00000e+000 +/- 0.00000e+000 
2.10     3.25406e-001 +/- 0.00000e+000 
2.20     0.00000e+000 +/- 0.00000e+000 
2.30     0.00000e+000 +/- 0.00000e+000 
2.40     0.00000e+000 +/- 0.00000e+000 
2.50     0.00000e+000 +/- 0.00000e+000 
2.60     0.00000e+000 +/- 0.00000e+000 
2.70     0.00000e+000 +/- 0.00000e+000 
2.80     0.00000e+000 +/- 0.00000e+000 
2.90     0.00000e+000 +/- 0.00000e+000 
3.00     0.00000e+000 +/- 0.00000e+000 
3.10     7.45218e-002 +/- 0.00000e+000 
3.20     0.00000e+000 +/- 0.00000e+000 
3.30     0.00000e+000 +/- 0.00000e+000 
3.40     0.00000e+000 +/- 0.00000e+000 
3.50     0.00000e+000 +/- 0.00000e+000 
3.60     0.00000e+000 +/- 0.00000e+000 
3.70     0.00000e+000 +/- 0.00000e+000 
3.80     0.00000e+000 +/- 0.00000e+000 
3.90     0.00000e+000 +/- 0.00000e+000 
4.00     0.00000e+000 +/- 0.00000e+000 
4.10     2.03824e-002 +/- 0.00000e+000 
4.20     0.00000e+000 +/- 0.00000e+000 
4.30     0.00000e+000 +/- 0.00000e+000 
4.40     0.00000e+000 +/- 0.00000e+000 
4.50     0.00000e+000 +/- 0.00000e+000 
4.60     0.00000e+000 +/- 0.00000e+000 
4.70     0.00000e+000 +/- 0.00000e+000 
4.80     0.00000e+000 +/- 0.00000e+000 
4.90     0.00000e+000 +/- 0.00000e+000 
5.00     0.00000e+000 +/- 0.00000e+000 
5.10     6.16299e-003 +/- 0.00000e+000 
5.20     0.00000e+000 +/- 0.00000e+000 
5.30     0.00000e+000 +/- 0.00000e+000 
5.40     0.00000e+000 +/- 0.00000e+000 
5.50     0.00000e+000 +/- 0.00000e+000 
5.60     0.00000e+000 +/- 0.00000e+000 
5.70     0.00000e+000 +/- 0.00000e+000 
5.80     0.00000e+000 +/- 0.00000e+000 
5.90     0.00000e+000 +/- 0.00000e+000 
6.00     0.00000e+000 +/- 0.00000e+000 
6.10     2.18394e-003 +/- 0.00000e+000 
6.20     0.00000e+000 +/- 0.00000e+000 
6.30     0.00000e+000 +/- 0.00000e+000 
6.40     0.00000e+000 +/- 0.00000e+000 
6.50     0.00000e+000 +/- 0.00000e+000 
6.60     0.00000e+000 +/- 0.00000e+000 
6.70     0.00000e+000 +/- 0.00000e+000 
6.80     0.00000e+000 +/- 0.00000e+000 
6.90     0.00000e+000 +/- 0.00000e+000 
7.00     0.00000e+000 +/- 0.00000e+000 
7.10     8.66735e-004 +/- 0.00000e+000 
7.20     0.00000e+000 +/- 0.00000e+000 
7.30     0.00000e+000 +/- 0.00000e+000 
7.40     0.00000e+000 +/- 0.00000e+000 
7.50     0.00000e+000 +/- 0.00000e+000 
7.60     0.00000e+000 +/- 0.00000e+000 
7.70     0.00000e+000 +/- 0.00000e+000 
7.80     0.00000e+000 +/- 0.00000e+000 
7.90     0.00000e+000 +/- 0.00000e+000 
8.00     0.00000e+000 +/- 0.00000e+000 
8.10     3.68183e-004 +/- 0.00000e+000 
8.20     0.00000e+000 +/- 0.00000e+000 
8.30     0.00000e+000 +/- 0.00000e+000 
8.40     0.00000e+000 +/- 0.00000e+000 
8.50     0.00000e+000 +/- 0.00000e+000 
8.60     0.00000e+000 +/- 0.00000e+000 
8.70     0.00000e+000 +/- 0.00000e+000 
8.80     0.00000e+000 +/- 0.00000e+000 
8.90     0.00000e+000 +/- 0.00000e+000 
9.00     0.00000e+000 +/- 0.00000e+000 
9.10     2.20974e-004 +/- 0.00000e+000 
9.20     0.00000e+000 +/- 0.00000e+000 
9.30     0.00000e+000 +/- 0.00000e+000 
9.40     0.00000e+000 +/- 0.00000e+000 
9.50     0.00000e+000 +/- 0.00000e+000 
9.60     0.00000e+000 +/- 0.00000e+000 
9.70     0.00000e+000 +/- 0.00000e+000 
9.80     0.00000e+000 +/- 0.00000e+000 
9.90     0.00000e+000 +/- 0.00000e+000 
10.00    0.00000e+000 +/- 0.00000e+000 


Results for 10 repetitions of the experiment with 10000 initial particles from the source:
------------------------------------------------------------------------------------------

Average number of collisions per layer:
Layer    Collisions
1        6.52430e+004 +/- 5.24755e+001 
2        0.00000e+000 +/- 0.00000e+000 
3        0.00000e+000 +/- 0.00000e+000 
4        0.00000e+000 +/- 0.00000e+000 
5        0.00000e+000 +/- 0.00000e+000 
6        0.00000e+000 +/- 0.00000e+000 
7        0.00000e+000 +/- 0.00000e+000 
8        0.00000e+000 +/- 0.00000e+000 
9        0.00000e+000 +/- 0.00000e+000 
10       0.00000e+000 +/- 0.00000e+000 
11       4.79764e+004 +/- 3.22323e+001 
12       0.00000e+000 +/- 0.00000e+000 
13       0.00000e+000 +/- 0.00000e+000 
14       0.00000e+000 +/- 0.00000e+000 
15       0.00000e+000 +/- 0.00000e+000 
16       0.00000e+000 +/- 0.00000e+000 
17       0.00000e+000 +/- 0.00000e+000 
18       0.00000e+000 +/- 0.00000e+000 
19       0.00000e+000 +/- 0.00000e+000 
20       0.00000e+000 +/- 0.00000e+000 
21       2.67909e+004 +/- 4.84237e+001 
22       0.00000e+000 +/- 0.00000e+000 
23       0.00000e+000 +/- 0.00000e+000 
24       0.00000e+000 +/- 0.00000e+000 
25       0.00000e+000 +/- 0.00000e+000 
26       0.00000e+000 +/- 0.00000e+000 
27       0.00000e+000 +/- 0.00000e+000 
28       0.00000e+000 +/- 0.00000e+000 
29       0.00000e+000 +/- 0.00000e+000 
30       0.00000e+000 +/- 0.00000e+000 
31       1.34546e+004 +/- 3.52523e+001 
32       0.00000e+000 +/- 0.00000e+000 
33       0.00000e+000 +/- 0.00000e+000 
34       0.00000e+000 +/- 0.00000e+000 
35       0.00000e+000 +/- 0.00000e+000 
36       0.00000e+000 +/- 0.00000e+000 
37       0.00000e+000 +/- 0.00000e+000 
38       0.00000e+000 +/- 0.00000e+000 
39       0.00000e+000 +/- 0.00000e+000 
40       0.00000e+000 +/- 0.00000e+000 
41       6.52600e+003 +/- 2.05944e+001 
42       0.00000e+000 +/- 0.00000e+000 
43       0.00000e+000 +/- 0.00000e+000 
44       0.00000e+000 +/- 0.00000e+000 
45       0.00000e+000 +/- 0.00000e+000 
46       0.00000e+000 +/- 0.00000e+000 
47       0.00000e+000 +/- 0.00000e+000 
48       0.00000e+000 +/- 0.00000e+000 
49       0.00000e+000 +/- 0.00000e+000 
50       0.00000e+000 +/- 0.00000e+000 
51       3.22010e+003 +/- 2.30657e+001 
52       0.00000e+000 +/- 0.00000e+000 
53       0.00000e+000 +/- 0.00000e+000 
54       0.00000e+000 +/- 0.00000e+000 
55       0.00000e+000 +/- 0.00000e+000 
56       0.00000e+000 +/- 0.00000e+000 
57       0.00000e+000 +/- 0.00000e+000 
58       0.00000e+000 +/- 0.00000e+000 
59       0.00000e+000 +/- 0.00000e+000 
60       0.00000e+000 +/- 0.00000e+000 
61       1.62220e+003 +/- 1.20632e+001 
62       0.00000e+000 +/- 0.00000e+000 
63       0.00000e+000 +/- 0.00000e+000 
64       0.00000e+000 +/- 0.00000e+000 
65       0.00000e+000 +/- 0.00000e+000 
66       0.00000e+000 +/- 0.00000e+000 
67       0.00000e+000 +/- 0.00000e+000 
68       0.00000e+000 +/- 0.00000e+000 
69       0.00000e+000 +/- 0.00000e+000 
70       0.00000e+000 +/- 0.00000e+000 
71       9.08300e+002 +/- 4.20935e+000 
72       0.00000e+000 +/- 0.00000e+000 
73       0.00000e+000 +/- 0.00000e+000 
74       0.00000e+000 +/- 0.00000e+000 
75       0.00000e+000 +/- 0.00000e+000 
76       0.00000e+000 +/- 0.00000e+000 
77       0.00000e+000 +/- 0.00000e+000 
78       0.00000e+000 +/- 0.00000e+000 
79       0.00000e+000 +/- 0.00000e+000 
80       0.00000e+000 +/- 0.00000e+000 
81       5.27600e+002 +/- 4.63566e+000 
82       0.00000e+000 +/- 0.00000e+000 
83       0.00000e+000 +/- 0.00000e+000 
84       0.00000e+000 +/- 0.00000e+000 
85       0.00000e+000 +/- 0.00000e+000 
86       0.00000e+000 +/- 0.00000e+000 
87       0.00000e+000 +/- 0.00000e+000 
88       0.00000e+000 +/- 0.00000e+000 
89       0.00000e+000 +/- 0.00000e+000 
90       0.00000e+000 +/- 0.00000e+000 
91       3.38500e+002 +/- 3.13611e+000 
92       0.00000e+000 +/- 0.00000e+000 
93       0.00000e+000 +/- 0.00000e+000 
94       0.00000e+000 +/- 0.00000e+000 
95       0.00000e+000 +/- 0.00000e+000 
96       0.00000e+000 +/- 0.00000e+000 
97       0.00000e+000 +/- 0.00000e+000 
98       0.00000e+000 +/- 0.00000e+000 
99       0.00000e+000 +/- 0.00000e+000 
100      0.00000e+000 +/- 0.00000e+000 

Average total flux vs. radius:
Radius   Total flux
0.10     3.75692e+002 +/- 3.22548e-001 
0.20     0.00000e+000 +/- 0.00000e+000 
0.30     0.00000e+000 +/- 0.00000e+000 
0.40     0.00000e+000 +/- 0.00000e+000 
0.50     0.00000e+000 +/- 0.00000e+000 
0.60     0.00000e+000 +/- 0.00000e+000 
0.70     0.00000e+000 +/- 0.00000e+000 
0.80     0.00000e+000 +/- 0.00000e+000 
0.90     0.00000e+000 +/- 0.00000e+000 
1.00     0.00000e+000 +/- 0.00000e+000 
1.10     2.22567e+000 +/- 9.79918e-004 
1.20     0.00000e+000 +/- 0.00000e+000 
1.30     0.00000e+000 +/- 0.00000e+000 
1.40     0.00000e+000 +/- 0.00000e+000 
1.50     0.00000e+000 +/- 0.00000e+000 
1.60     0.00000e+000 +/- 0.00000e+000 
1.70     0.00000e+000 +/- 0.00000e+000 
1.80     0.00000e+000 +/- 0.00000e+000 
1.90     0.00000e+000 +/- 0.00000e+000 
2.00     0.00000e+000 +/- 0.00000e+000 
2.10     3.26237e-001 +/- 5.73325e-004 
2.20     0.00000e+000 +/- 0.00000e+000 
2.30     0.00000e+000 +/- 0.00000e+000 
2.40     0.00000e+000 +/- 0.00000e+000 
2.50     0.00000e+000 +/- 0.00000e+000 
2.60     0.00000e+000 +/- 0.00000e+000 
2.70     0.00000e+000 +/- 0.00000e+000 
2.80     0.00000e+000 +/- 0.00000e+000 
2.90     0.00000e+000 +/- 0.00000e+000 
3.00     0.00000e+000 +/- 0.00000e+000 
3.10     7.40236e-002 +/- 1.89914e-004 
3.20     0.00000e+000 +/- 0.00000e+000 
3.30     0.00000e+000 +/- 0.00000e+000 
3.40     0.00000e+000 +/- 0.00000e+000 
3.50     0.00000e+000 +/- 0.00000e+000 
3.60     0.00000e+000 +/- 0.00000e+000 
3.70     0.00000e+000 +/- 0.00000e+000 
3.80     0.00000e+000 +/- 0.00000e+000 
3.90     0.00000e+000 +/- 0.00000e+000 
4.00     0.00000e+000 +/- 0.00000e+000 
4.10     2.03641e-002 +/- 6.54409e-005 
4.20     0.00000e+000 +/- 0.00000e+000 
4.30     0.00000e+000 +/- 0.00000e+000 
4.40     0.00000e+000 +/- 0.00000e+000 
4.50     0.00000e+000 +/- 0.00000e+000 
4.60     0.00000e+000 +/- 0.00000e+000 
4.70     0.00000e+000 +/- 0.00000e+000 
4.80     0.00000e+000 +/- 0.00000e+000 
4.90     0.00000e+000 +/- 0.00000e+000 
5.00     0.00000e+000 +/- 0.00000e+000 
5.10     6.46304e-003 +/- 4.67319e-005 
5.20     0.00000e+000 +/- 0.00000e+000 
5.30     0.00000e+000 +/- 0.00000e+000 
5.40     0.00000e+000 +/- 0.00000e+000 
5.50     0.00000e+000 +/- 0.00000e+000 
5.60     0.00000e+000 +/- 0.00000e+000 
5.70     0.00000e+000 +/- 0.00000e+000 
5.80     0.00000e+000 +/- 0.00000e+000 
5.90     0.00000e+000 +/- 0.00000e+000 
6.00     0.00000e+000 +/- 0.00000e+000 
6.10     2.26872e-003 +/- 1.73211e-005 
6.20     0.00000e+000 +/- 0.00000e+000 
6.30     0.00000e+000 +/- 0.00000e+000 
6.40     0.00000e+000 +/- 0.00000e+000 
6.50     0.00000e+000 +/- 0.00000e+000 
6.60     0.00000e+000 +/- 0.00000e+000 
6.70     0.00000e+000 +/- 0.00000e+000 
6.80     0.00000e+000 +/- 0.00000e+000 
6.90     0.00000e+000 +/- 0.00000e+000 
7.00     0.00000e+000 +/- 0.00000e+000 
7.10     9.35409e-004 +/- 4.41012e-006 
7.20     0.00000e+000 +/- 0.00000e+000 
7.30     0.00000e+000 +/- 0.00000e+000 
7.40     0.00000e+000 +/- 0.00000e+000 
7.50     0.00000e+000 +/- 0.00000e+000 
7.60     0.00000e+000 +/- 0.00000e+000 
7.70     0.00000e+000 +/- 0.00000e+000 
7.80     0.00000e+000 +/- 0.00000e+000 
7.90     0.00000e+000 +/- 0.00000e+000 
8.00     0.00000e+000 +/- 0.00000e+000 
8.10     4.16766e-004 +/- 3.71632e-006 
8.20     0.00000e+000 +/- 0.00000e+000 
8.30     0.00000e+000 +/- 0.00000e+000 
8.40     0.00000e+000 +/- 0.00000e+000 
8.50     0.00000e+000 +/- 0.00000e+000 
8.60     0.00000e+000 +/- 0.00000e+000 
8.70     0.00000e+000 +/- 0.00000e+000 
8.80     0.00000e+000 +/- 0.00000e+000 
8.90     0.00000e+000 +/- 0.00000e+000 
9.00     0.00000e+000 +/- 0.00000e+000 
9.10     2.11543e-004 +/- 1.96125e-006 
9.20     0.00000e+000 +/- 0.00000e+000 
9.30     0.00000e+000 +/- 0.00000e+000 
9.40     0.00000e+000 +/- 0.00000e+000 
9.50     0.00000e+000 +/- 0.00000e+000 
9.60     0.00000e+000 +/- 0.00000e+000 
9.70     0.00000e+000 +/- 0.00000e+000 
9.80     0.00000e+000 +/- 0.00000e+000 
9.90     0.00000e+000 +/- 0.00000e+000 
10.00    0.00000e+000 +/- 0.00000e+000 


Results for 100 repetitions of the experiment with 10000 initial particles from the source:
------------------------------------------------------------------------------------------

Average number of collisions per layer:
Layer    Collisions
1        6.50788e+004 +/- 5.48162e+000 
2        0.00000e+000 +/- 0.00000e+000 
3        0.00000e+000 +/- 0.00000e+000 
4        0.00000e+000 +/- 0.00000e+000 
5        0.00000e+000 +/- 0.00000e+000 
6        0.00000e+000 +/- 0.00000e+000 
7        0.00000e+000 +/- 0.00000e+000 
8        0.00000e+000 +/- 0.00000e+000 
9        0.00000e+000 +/- 0.00000e+000 
10       0.00000e+000 +/- 0.00000e+000 
11       4.79825e+004 +/- 4.87896e+000 
12       0.00000e+000 +/- 0.00000e+000 
13       0.00000e+000 +/- 0.00000e+000 
14       0.00000e+000 +/- 0.00000e+000 
15       0.00000e+000 +/- 0.00000e+000 
16       0.00000e+000 +/- 0.00000e+000 
17       0.00000e+000 +/- 0.00000e+000 
18       0.00000e+000 +/- 0.00000e+000 
19       0.00000e+000 +/- 0.00000e+000 
20       0.00000e+000 +/- 0.00000e+000 
21       2.66662e+004 +/- 3.63087e+000 
22       0.00000e+000 +/- 0.00000e+000 
23       0.00000e+000 +/- 0.00000e+000 
24       0.00000e+000 +/- 0.00000e+000 
25       0.00000e+000 +/- 0.00000e+000 
26       0.00000e+000 +/- 0.00000e+000 
27       0.00000e+000 +/- 0.00000e+000 
28       0.00000e+000 +/- 0.00000e+000 
29       0.00000e+000 +/- 0.00000e+000 
30       0.00000e+000 +/- 0.00000e+000 
31       1.34757e+004 +/- 3.03682e+000 
32       0.00000e+000 +/- 0.00000e+000 
33       0.00000e+000 +/- 0.00000e+000 
34       0.00000e+000 +/- 0.00000e+000 
35       0.00000e+000 +/- 0.00000e+000 
36       0.00000e+000 +/- 0.00000e+000 
37       0.00000e+000 +/- 0.00000e+000 
38       0.00000e+000 +/- 0.00000e+000 
39       0.00000e+000 +/- 0.00000e+000 
40       0.00000e+000 +/- 0.00000e+000 
41       6.61346e+003 +/- 1.96071e+000 
42       0.00000e+000 +/- 0.00000e+000 
43       0.00000e+000 +/- 0.00000e+000 
44       0.00000e+000 +/- 0.00000e+000 
45       0.00000e+000 +/- 0.00000e+000 
46       0.00000e+000 +/- 0.00000e+000 
47       0.00000e+000 +/- 0.00000e+000 
48       0.00000e+000 +/- 0.00000e+000 
49       0.00000e+000 +/- 0.00000e+000 
50       0.00000e+000 +/- 0.00000e+000 
51       3.23963e+003 +/- 1.45969e+000 
52       0.00000e+000 +/- 0.00000e+000 
53       0.00000e+000 +/- 0.00000e+000 
54       0.00000e+000 +/- 0.00000e+000 
55       0.00000e+000 +/- 0.00000e+000 
56       0.00000e+000 +/- 0.00000e+000 
57       0.00000e+000 +/- 0.00000e+000 
58       0.00000e+000 +/- 0.00000e+000 
59       0.00000e+000 +/- 0.00000e+000 
60       0.00000e+000 +/- 0.00000e+000 
61       1.66299e+003 +/- 9.82084e-001 
62       0.00000e+000 +/- 0.00000e+000 
63       0.00000e+000 +/- 0.00000e+000 
64       0.00000e+000 +/- 0.00000e+000 
65       0.00000e+000 +/- 0.00000e+000 
66       0.00000e+000 +/- 0.00000e+000 
67       0.00000e+000 +/- 0.00000e+000 
68       0.00000e+000 +/- 0.00000e+000 
69       0.00000e+000 +/- 0.00000e+000 
70       0.00000e+000 +/- 0.00000e+000 
71       9.13500e+002 +/- 6.82940e-001 
72       0.00000e+000 +/- 0.00000e+000 
73       0.00000e+000 +/- 0.00000e+000 
74       0.00000e+000 +/- 0.00000e+000 
75       0.00000e+000 +/- 0.00000e+000 
76       0.00000e+000 +/- 0.00000e+000 
77       0.00000e+000 +/- 0.00000e+000 
78       0.00000e+000 +/- 0.00000e+000 
79       0.00000e+000 +/- 0.00000e+000 
80       0.00000e+000 +/- 0.00000e+000 
81       5.46610e+002 +/- 5.19341e-001 
82       0.00000e+000 +/- 0.00000e+000 
83       0.00000e+000 +/- 0.00000e+000 
84       0.00000e+000 +/- 0.00000e+000 
85       0.00000e+000 +/- 0.00000e+000 
86       0.00000e+000 +/- 0.00000e+000 
87       0.00000e+000 +/- 0.00000e+000 
88       0.00000e+000 +/- 0.00000e+000 
89       0.00000e+000 +/- 0.00000e+000 
90       0.00000e+000 +/- 0.00000e+000 
91       3.33560e+002 +/- 3.95225e-001 
92       0.00000e+000 +/- 0.00000e+000 
93       0.00000e+000 +/- 0.00000e+000 
94       0.00000e+000 +/- 0.00000e+000 
95       0.00000e+000 +/- 0.00000e+000 
96       0.00000e+000 +/- 0.00000e+000 
97       0.00000e+000 +/- 0.00000e+000 
98       0.00000e+000 +/- 0.00000e+000 
99       0.00000e+000 +/- 0.00000e+000 
100      0.00000e+000 +/- 0.00000e+000 

Average total flux vs. radius:
Radius   Total flux
0.10     3.74856e+002 +/- 3.14444e-002 
0.20     0.00000e+000 +/- 0.00000e+000 
0.30     0.00000e+000 +/- 0.00000e+000 
0.40     0.00000e+000 +/- 0.00000e+000 
0.50     0.00000e+000 +/- 0.00000e+000 
0.60     0.00000e+000 +/- 0.00000e+000 
0.70     0.00000e+000 +/- 0.00000e+000 
0.80     0.00000e+000 +/- 0.00000e+000 
0.90     0.00000e+000 +/- 0.00000e+000 
1.00     0.00000e+000 +/- 0.00000e+000 
1.10     2.22664e+000 +/- 2.28767e-004 
1.20     0.00000e+000 +/- 0.00000e+000 
1.30     0.00000e+000 +/- 0.00000e+000 
1.40     0.00000e+000 +/- 0.00000e+000 
1.50     0.00000e+000 +/- 0.00000e+000 
1.60     0.00000e+000 +/- 0.00000e+000 
1.70     0.00000e+000 +/- 0.00000e+000 
1.80     0.00000e+000 +/- 0.00000e+000 
1.90     0.00000e+000 +/- 0.00000e+000 
2.00     0.00000e+000 +/- 0.00000e+000 
2.10     3.24816e-001 +/- 4.33887e-005 
2.20     0.00000e+000 +/- 0.00000e+000 
2.30     0.00000e+000 +/- 0.00000e+000 
2.40     0.00000e+000 +/- 0.00000e+000 
2.50     0.00000e+000 +/- 0.00000e+000 
2.60     0.00000e+000 +/- 0.00000e+000 
2.70     0.00000e+000 +/- 0.00000e+000 
2.80     0.00000e+000 +/- 0.00000e+000 
2.90     0.00000e+000 +/- 0.00000e+000 
3.00     0.00000e+000 +/- 0.00000e+000 
3.10     7.41618e-002 +/- 1.63822e-005 
3.20     0.00000e+000 +/- 0.00000e+000 
3.30     0.00000e+000 +/- 0.00000e+000 
3.40     0.00000e+000 +/- 0.00000e+000 
3.50     0.00000e+000 +/- 0.00000e+000 
3.60     0.00000e+000 +/- 0.00000e+000 
3.70     0.00000e+000 +/- 0.00000e+000 
3.80     0.00000e+000 +/- 0.00000e+000 
3.90     0.00000e+000 +/- 0.00000e+000 
4.00     0.00000e+000 +/- 0.00000e+000 
4.10     2.06426e-002 +/- 6.05346e-006 
4.20     0.00000e+000 +/- 0.00000e+000 
4.30     0.00000e+000 +/- 0.00000e+000 
4.40     0.00000e+000 +/- 0.00000e+000 
4.50     0.00000e+000 +/- 0.00000e+000 
4.60     0.00000e+000 +/- 0.00000e+000 
4.70     0.00000e+000 +/- 0.00000e+000 
4.80     0.00000e+000 +/- 0.00000e+000 
4.90     0.00000e+000 +/- 0.00000e+000 
5.00     0.00000e+000 +/- 0.00000e+000 
5.10     6.50398e-003 +/- 2.95609e-006 
5.20     0.00000e+000 +/- 0.00000e+000 
5.30     0.00000e+000 +/- 0.00000e+000 
5.40     0.00000e+000 +/- 0.00000e+000 
5.50     0.00000e+000 +/- 0.00000e+000 
5.60     0.00000e+000 +/- 0.00000e+000 
5.70     0.00000e+000 +/- 0.00000e+000 
5.80     0.00000e+000 +/- 0.00000e+000 
5.90     0.00000e+000 +/- 0.00000e+000 
6.00     0.00000e+000 +/- 0.00000e+000 
6.10     2.32619e-003 +/- 1.37648e-006 
6.20     0.00000e+000 +/- 0.00000e+000 
6.30     0.00000e+000 +/- 0.00000e+000 
6.40     0.00000e+000 +/- 0.00000e+000 
6.50     0.00000e+000 +/- 0.00000e+000 
6.60     0.00000e+000 +/- 0.00000e+000 
6.70     0.00000e+000 +/- 0.00000e+000 
6.80     0.00000e+000 +/- 0.00000e+000 
6.90     0.00000e+000 +/- 0.00000e+000 
7.00     0.00000e+000 +/- 0.00000e+000 
7.10     9.40987e-004 +/- 6.99667e-007 
7.20     0.00000e+000 +/- 0.00000e+000 
7.30     0.00000e+000 +/- 0.00000e+000 
7.40     0.00000e+000 +/- 0.00000e+000 
7.50     0.00000e+000 +/- 0.00000e+000 
7.60     0.00000e+000 +/- 0.00000e+000 
7.70     0.00000e+000 +/- 0.00000e+000 
7.80     0.00000e+000 +/- 0.00000e+000 
7.90     0.00000e+000 +/- 0.00000e+000 
8.00     0.00000e+000 +/- 0.00000e+000 
8.10     4.31863e-004 +/- 4.09462e-007 
8.20     0.00000e+000 +/- 0.00000e+000 
8.30     0.00000e+000 +/- 0.00000e+000 
8.40     0.00000e+000 +/- 0.00000e+000 
8.50     0.00000e+000 +/- 0.00000e+000 
8.60     0.00000e+000 +/- 0.00000e+000 
8.70     0.00000e+000 +/- 0.00000e+000 
8.80     0.00000e+000 +/- 0.00000e+000 
8.90     0.00000e+000 +/- 0.00000e+000 
9.00     0.00000e+000 +/- 0.00000e+000 
9.10     2.08511e-004 +/- 2.46390e-007 
9.20     0.00000e+000 +/- 0.00000e+000 
9.30     0.00000e+000 +/- 0.00000e+000 
9.40     0.00000e+000 +/- 0.00000e+000 
9.50     0.00000e+000 +/- 0.00000e+000 
9.60     0.00000e+000 +/- 0.00000e+000 
9.70     0.00000e+000 +/- 0.00000e+000 
9.80     0.00000e+000 +/- 0.00000e+000 
9.90     0.00000e+000 +/- 0.00000e+000 
10.00    0.00000e+000 +/- 0.00000e+000 


